function [C] = green_colormap()

C = [0,0,0;
0,2,0;
0,4,0;
0,6,0;
0,8,0;
0,10,0;
0,12,0;
0,14,0;
0,16,0;
0,17,0;
0,19,0;
0,21,0;
0,23,0;
0,25,0;
0,27,0;
0,29,0;
0,31,0;
0,33,0;
0,35,0;
0,37,0;
0,39,0;
0,41,0;
0,43,0;
0,45,0;
0,47,0;
0,48,0;
0,50,0;
0,52,0;
0,54,0;
0,56,0;
0,58,0;
0,60,0;
0,62,0;
0,64,0;
0,66,0;
0,68,0;
0,70,0;
0,72,0;
0,74,0;
0,76,0;
0,78,0;
0,80,0;
0,81,0;
0,83,0;
0,85,0;
0,87,0;
0,89,0;
0,91,0;
0,93,0;
0,95,0;
0,97,0;
0,99,0;
0,101,0;
0,103,0;
0,105,0;
0,107,0;
0,109,0;
0,111,0;
0,112,0;
0,114,0;
0,116,0;
0,118,0;
0,120,0;
0,122,0;
0,124,0;
2,126,0;
4,128,0;
6,130,0;
8,132,0;
10,134,0]/255;
